1000 50 800
25 15 7
14 77 2
23 18 9
28 60 6
10 72 7
40 21 5
20 64 6
4 14 9
9 70 2
9 73 6
29 9 7
9 46 1
6 64 6
31 36 4
33 65 2
5 15 1
22 53 6
18 56 4
31 35 2
30 67 9
22 10 10
23 67 5
8 29 5
6 5 5
21 63 9
18 58 2
14 6 7
33 62 2
27 78 1
36 45 10
38 29 3
5 22 8
10 57 1
36 78 10
37 37 7
35 78 2
5 59 10
25 61 9
29 1 8
20 31 2
15 7 4
40 76 9
16 74 6
19 27 3
31 46 3
19 8 5
21 53 8
11 34 7
11 8 6
17 8 9
24 46 2
15 29 4
27 36 10
39 43 3
37 1 5
3 57 9
26 7 2
16 50 10
21 58 6
21 21 5
24 70 3
7 21 5
3 51 7
5 75 7
7 74 6
21 75 4
8 59 5
35 43 8
17 29 6
20 43 2
22 53 4
5 65 6
5 59 3
1 75 3
22 71 7
3 1 3
4 14 6
11 44 8
7 77 9
18 31 1
1 49 9
24 54 10
36 23 4
31 22 6
21 53 1
40 6 6
31 38 9
25 78 7
5 13 1
19 52 10
17 57 4
37 52 5
21 13 6
28 14 5
30 56 3
38 43 5
34 77 8
27 49 2
24 49 5
13 41 3
29 25 4
16 58 4
34 33 8
3 41 3
7 11 9
32 18 6
36 60 8
26 68 6
28 52 6
12 74 10
16 48 1
32 46 9
7 48 2
11 55 9
19 57 5
11 73 8
16 78 7
31 13 2
21 1 9
10 71 5
27 57 3
21 73 6
10 32 2
11 57 7
15 66 2
17 68 6
9 21 3
10 62 7
24 1 7
24 24 3
4 66 8
13 51 3
14 41 3
26 26 6
26 48 6
24 1 6
2 29 4
32 48 8
26 29 3
22 47 3
12 40 4
19 5 2
10 8 1
9 65 1
28 35 9
20 54 8
19 24 7
6 23 8
16 31 4
5 35 1
4 52 6
18 55 6
18 59 2
6 33 5
15 45 8
4 58 9
14 41 10
19 3 3
26 23 2
25 28 9
11 25 8
6 32 1
8 24 4
38 46 6
2 6 2
29 39 5
29 78 4
7 31 10
40 34 6
31 31 10
5 60 10
7 38 6
3 78 8
18 39 3
28 79 4
21 74 1
26 47 8
6 76 5
9 20 6
26 35 4
5 50 5
23 43 5
32 27 2
27 18 8
19 60 9
14 49 8
1 30 8
2 2 4
31 65 7
32 12 5
3 76 6
6 79 10
11 30 2
32 31 9
32 68 7
21 58 4
38 36 1
7 43 2
38 1 2
22 42 2
2 79 5
38 55 3
7 61 4
40 45 7
35 78 7
5 73 7
25 41 5
24 74 4
2 25 3
19 39 2
33 59 5
10 2 5
5 30 7
38 61 4
15 27 10
24 72 8
20 2 6
13 14 4
16 75 7
12 48 2
34 41 1
13 14 10
6 43 3
16 21 4
18 28 2
26 20 3
29 23 8
17 6 3
24 51 2
39 24 5
22 79 4
39 28 4
37 61 3
32 76 10
21 63 9
21 44 1
2 52 9
3 71 3
3 38 1
37 15 9
34 59 10
3 35 2
25 66 2
2 24 3
3 38 3
32 50 10
39 68 7
20 6 7
9 61 9
14 30 3
9 78 8
17 73 1
16 67 10
37 45 1
25 4 3
16 58 8
26 40 9
22 61 5
31 74 3
6 64 9
10 45 8
21 65 3
24 6 7
25 69 1
17 34 5
2 63 8
14 19 4
36 55 1
33 74 8
24 7 10
12 79 7
2 38 7
27 33 2
14 71 2
40 55 4
22 5 1
13 54 6
9 36 3
12 37 1
14 21 2
4 35 2
30 17 6
36 76 1
34 1 6
29 79 6
16 14 5
29 45 7
2 79 10
24 7 4
36 44 2
7 12 8
10 68 10
1 2 5
31 46 4
4 50 7
31 59 9
7 49 9
40 27 6
19 22 8
31 78 2
5 57 5
16 43 5
29 74 5
11 25 6
33 48 1
26 26 3
13 13 2
17 5 6
18 58 7
7 62 6
21 74 6
27 63 9
20 52 3
31 25 9
34 55 5
7 9 5
35 46 9
14 39 2
26 43 2
21 63 1
28 64 2
23 20 4
27 21 6
21 73 7
33 74 3
6 7 1
6 59 3
12 47 6
14 10 7
29 35 1
15 51 6
3 39 10
30 38 6
22 57 5
2 45 3
39 57 4
28 47 9
28 54 10
8 65 3
4 26 1
38 24 9
32 37 8
28 75 4
34 71 10
7 23 4
17 6 6
9 8 9
33 41 8
16 45 6
1 78 6
21 54 6
34 43 8
2 13 8
9 17 9
8 60 1
30 29 9
40 47 5
13 73 4
30 73 8
1 24 3
21 29 10
4 12 9
7 27 1
19 79 9
15 39 4
20 79 2
32 23 8
36 80 6
31 74 10
17 11 6
20 49 10
15 68 6
28 20 7
24 64 4
31 9 3
39 11 1
2 64 4
20 43 5
33 30 9
15 38 2
7 38 4
15 26 10
16 67 9
18 29 3
35 47 2
17 67 7
2 78 6
24 64 9
2 79 8
18 33 5
1 10 10
40 28 1
27 6 3
24 22 3
11 38 6
23 13 3
34 73 8
4 79 6
27 15 8
40 47 10
39 56 1
17 27 7
36 80 1
28 11 9
23 72 3
29 67 3
24 44 9
20 38 9
15 13 10
25 25 6
37 51 2
24 21 8
31 3 8
19 32 9
7 54 10
12 74 6
31 70 9
11 56 2
11 33 4
6 46 6
20 43 5
24 13 10
9 57 2
16 76 1
3 60 7
32 61 5
9 60 9
37 17 9
24 75 6
24 64 7
15 79 3
6 66 2
33 62 5
6 49 7
24 3 7
22 55 8
19 42 2
14 34 2
39 6 6
30 45 4
23 40 1
30 11 3
31 61 8
16 42 5
27 80 6
20 67 5
34 48 3
22 21 5
23 58 5
3 21 4
36 49 2
6 59 5
36 26 9
23 50 4
9 20 9
21 17 9
23 24 2
28 3 7
10 3 9
39 31 4
14 40 2
24 39 3
25 48 3
27 37 3
35 22 3
40 19 2
30 67 5
32 51 5
38 51 9
24 77 2
34 67 1
24 6 5
6 25 2
39 43 2
16 12 3
32 42 4
39 76 1
13 12 7
5 34 10
34 58 5
11 31 10
6 34 9
40 27 6
2 69 10
4 40 5
20 15 9
2 79 3
15 20 6
10 73 2
26 46 9
17 29 2
33 33 2
9 15 6
34 26 7
22 25 3
25 77 1
39 64 10
6 42 5
32 75 5
20 42 10
8 65 6
5 48 2
24 33 7
35 50 6
24 2 2
28 43 3
2 67 1
15 41 7
19 45 6
4 74 4
37 71 7
39 70 8
6 62 10
19 46 7
39 40 1
13 12 3
30 20 8
14 40 10
12 18 5
21 78 6
31 54 9
26 18 6
28 19 6
40 10 2
13 9 10
40 66 8
12 28 5
7 50 8
38 39 4
13 61 1
5 20 8
12 65 1
18 72 1
6 38 6
4 2 3
16 48 7
21 7 1
35 79 1
38 7 9
13 2 2
28 35 8
17 79 8
27 40 1
31 7 9
35 6 6
27 77 10
15 27 2
8 65 6
10 31 10
34 42 5
31 61 6
2 39 6
13 74 7
16 53 5
13 63 5
39 66 1
8 12 5
19 22 2
30 70 6
20 79 6
7 37 5
24 10 2
9 40 1
32 5 9
35 34 7
13 7 6
30 12 2
31 24 8
39 52 5
21 15 10
38 70 2
24 10 10
15 14 10
35 76 5
12 44 1
35 6 6
5 39 3
36 23 6
36 51 8
31 63 8
6 39 7
17 55 10
17 44 5
14 76 1
8 58 9
36 3 9
6 14 8
7 57 8
1 9 6
23 53 10
20 2 4
34 53 10
35 11 6
20 51 5
39 35 5
33 18 6
17 3 5
39 77 10
20 58 5
17 46 5
13 2 1
12 66 8
30 60 6
2 40 3
12 20 10
31 71 8
2 34 9
38 76 3
27 69 5
23 39 6
14 51 3
34 53 2
2 58 9
21 7 8
38 12 7
6 71 5
11 2 10
8 24 5
33 42 1
11 56 1
14 44 1
25 5 1
25 60 10
16 78 6
19 4 4
15 73 7
2 36 2
11 31 6
27 44 7
5 48 9
16 33 3
21 45 10
17 62 9
12 33 6
18 50 8
1 49 7
40 30 1
9 51 7
2 63 10
16 72 7
30 30 5
30 46 4
40 62 1
24 10 2
20 67 8
31 60 10
23 7 10
29 3 4
33 74 2
29 28 7
22 6 1
6 68 4
32 25 2
25 65 8
20 10 8
8 32 3
23 22 3
34 51 4
2 15 4
30 47 2
22 38 8
35 80 5
1 10 7
29 17 9
1 19 9
33 5 5
37 29 7
31 75 7
25 30 4
34 8 10
8 16 5
15 20 5
37 71 3
18 72 1
12 36 9
21 48 6
33 80 10
39 51 9
13 57 7
21 34 1
35 18 9
10 1 10
22 44 3
6 35 2
5 43 2
34 27 2
24 12 4
2 78 2
28 7 2
13 44 6
22 78 2
27 12 5
27 56 8
24 41 8
9 8 1
19 11 8
28 12 9
9 51 5
29 7 8
29 17 10
15 64 6
6 27 2
34 50 9
20 75 2
38 37 1
31 78 10
33 56 3
14 41 2
34 20 1
18 47 7
31 53 1
30 12 9
8 49 2
14 31 2
13 66 4
34 34 1
24 34 4
21 54 8
17 72 5
24 54 7
15 62 7
20 72 7
15 21 8
26 23 8
27 80 9
8 23 6
16 36 3
23 75 4
31 25 5
4 72 2
4 77 9
26 29 8
7 55 2
19 49 5
8 74 1
5 65 4
21 10 4
2 67 3
23 53 2
4 45 7
35 80 9
19 23 7
15 55 7
28 12 1
40 18 2
32 31 8
36 11 8
40 33 10
1 47 2
5 41 9
20 55 5
18 17 8
13 32 8
31 62 9
30 46 2
7 12 6
38 36 6
8 48 4
22 40 1
15 47 5
31 34 8
13 53 7
27 39 9
13 15 1
25 33 4
21 76 6
21 37 8
25 52 1
35 21 8
21 18 9
4 68 4
21 18 6
9 69 10
28 53 7
13 13 8
30 25 5
2 78 5
19 18 1
24 42 10
26 4 4
27 32 7
29 18 5
22 61 4
5 23 7
16 6 7
16 5 5
35 18 3
40 2 2
2 78 8
18 40 9
21 10 2
8 5 1
14 31 6
16 22 8
16 54 10
6 65 6
40 42 9
12 80 8
14 76 10
38 22 9
25 41 9
18 59 6
20 55 1
27 66 6
21 33 9
14 60 10
34 52 7
16 20 9
26 75 1
23 48 8
18 55 3
32 15 4
2 57 3
37 35 9
5 44 10
31 65 2
16 37 3
27 69 9
17 34 9
35 67 7
14 46 7
10 59 2
13 40 3
40 5 2
10 48 1
11 39 5
6 9 1
33 71 1
22 24 2
20 71 2
3 20 6
19 3 1
9 42 4
40 23 3
14 51 7
28 67 3
28 61 2
39 75 5
39 9 2
14 45 3
36 35 3
2 52 5
29 35 3
22 9 8
14 45 9
25 56 6
27 73 2
8 58 4
26 20 8
17 56 1
31 42 6
35 16 4
38 72 9
34 28 6
1 80 4
35 63 5
6 1 5
38 55 1
23 62 9
31 45 10
17 41 2
14 67 4
22 3 6
36 15 9
5 63 7
36 23 9
3 32 6
28 53 4
33 53 5
7 36 10
22 72 8
24 61 2
15 22 3
21 35 2
10 59 8
4 14 4
13 79 2
18 67 1
37 64 6
26 41 1
7 62 3
29 6 10
1 55 6
33 71 9
32 45 2
20 57 8
23 67 2
3 39 8
35 12 7
31 29 1
35 80 4
28 51 8
8 56 9
19 31 2
21 3 10
24 25 6
1 10 10
35 51 1
33 68 1
9 33 3
3 11 10
14 35 5
31 69 8
4 57 8
18 41 3
9 64 4
16 39 7
16 59 7
40 31 8
13 77 5
9 79 10
40 79 3
25 49 7
1 64 7
8 71 9
38 37 2
22 47 3
15 15 6
18 31 2
18 59 9
37 2 9
19 59 8
5 13 4
24 3 10
32 59 1
14 23 3
26 75 5
19 56 7
38 39 9
24 47 7
8 75 1
19 2 5
7 61 7
7 64 2
5 21 8
39 2 8
23 25 1
1 33 6
12 15 6
6 39 1
11 35 8
6 66 8
40 49 2
37 39 2
35 38 10
16 32 2
33 60 10
33 26 5
9 80 1
38 63 3
24 3 3
36 25 4
7 43 1
30 44 7
19 67 3
4 48 6
19 30 7
22 22 9
29 69 7
13 38 5
10 68 8
9 30 7
9 56 7
19 34 9
13 76 3
25 60 3
16 39 8
38 26 1
13 55 5
13 47 10
22 34 5
21 41 4
25 20 10
4 28 4
1 53 6
38 58 6
38 26 5
38 49 1
36 23 6
20 58 8
33 8 1
3 59 10
22 27 6
31 70 4
12 77 9
40 8 9
1 24 9
34 3 10
17 66 7
34 29 3
38 25 9
34 43 10
1 40 4
35 77 7
12 50 2
30 73 4
39 24 7
1 68 6
7 3 10
37 9 8
