100 5 500
3 40 9
15 2 7
7 23 1
8 25 7
22 46 9
16 36 1
17 24 5
15 22 5
22 33 1
10 30 6
2 26 5
11 32 4
23 31 6
5 10 3
20 5 2
3 32 1
15 26 8
16 38 7
18 15 4
20 35 4
19 29 9
1 41 7
5 47 8
14 7 4
8 28 5
24 42 3
30 6 1
25 22 3
10 2 10
10 27 6
14 17 4
29 5 5
26 16 1
20 9 3
17 5 8
9 26 5
25 7 3
13 36 6
19 20 9
23 27 8
21 35 5
25 9 9
26 49 6
26 34 10
27 25 8
13 26 4
28 12 7
22 8 3
5 26 5
13 8 6
13 20 3
25 16 9
2 5 2
2 21 10
20 45 7
28 41 10
7 11 10
17 28 1
26 4 6
12 46 6
26 45 10
21 31 5
1 19 3
1 11 1
18 20 8
25 4 10
3 22 10
19 12 1
27 37 10
30 14 10
26 13 10
23 47 5
10 36 7
19 40 6
11 47 9
25 4 5
25 33 5
13 29 3
10 34 8
15 24 1
28 48 4
30 41 4
22 32 5
28 49 4
4 4 10
26 17 2
24 42 10
22 34 7
8 48 2
18 21 2
6 33 5
1 38 10
19 13 7
5 34 6
17 30 10
16 28 6
20 1 8
17 36 2
21 40 9
13 28 4
